Please wait for the temperature to reach 95
0 , 39.03 , 0
1 , 44.90 , 0
2 , 44.39 , 0
3 , 45.41 , 0
4 , 46.94 , 0
5 , 48.22 , 0
6 , 50.00 , 0
7 , 51.02 , 0
8 , 53.57 , 0
9 , 54.59 , 0
10 , 56.64 , 0
11 , 58.68 , 0
12 , 59.70 , 0
13 , 61.99 , 0
14 , 63.78 , 0
15 , 65.57 , 0
16 , 67.35 , 0
17 , 68.12 , 0
18 , 69.39 , 0
19 , 70.16 , 0
20 , 71.18 , 0
21 , 72.71 , 0
22 , 73.99 , 0
23 , 74.50 , 0
24 , 76.54 , 0
25 , 77.56 , 0
26 , 78.32 , 0
27 , 79.09 , 0
28 , 79.60 , 0
29 , 81.13 , 0
30 , 81.64 , 0
31 , 82.15 , 0
32 , 83.94 , 0
33 , 83.68 , 0
34 , 84.70 , 0
35 , 84.70 , 0
36 , 86.23 , 0
37 , 86.49 , 0
38 , 87.51 , 0
39 , 87.51 , 0
40 , 88.02 , 0
41 , 88.27 , 0
42 , 89.30 , 0
43 , 89.55 , 0
44 , 89.04 , 0
45 , 90.57 , 0
46 , 91.34 , 0
47 , 91.34 , 0
48 , 92.10 , 0
49 , 92.61 , 0
50 , 92.87 , 0
51 , 92.87 , 0
52 , 93.89 , 0
53 , 93.63 , 0
54 , 94.14 , 0
Temperature has reached 95, please wait 60s for the initial denaturing to complete
55 , 94.40 , 0
56 , 94.91 , 0
57 , 95.16 , 0
58 , 95.42 , 0
59 , 96.44 , 0
60 , 96.44 , 0
61 , 96.18 , 0
62 , 96.44 , 0
63 , 96.44 , 0
64 , 96.18 , 0
65 , 97.20 , 0
66 , 96.44 , 0
67 , 96.69 , 0
68 , 96.44 , 0
69 , 95.93 , 0
70 , 97.20 , 0
71 , 96.69 , 0
72 , 96.44 , 0
73 , 96.69 , 0
74 , 96.44 , 0
75 , 96.18 , 0
76 , 95.42 , 0
77 , 95.42 , 0
78 , 95.42 , 0
79 , 95.67 , 0
80 , 95.67 , 0
81 , 95.42 , 0
82 , 95.42 , 0
83 , 95.42 , 0
84 , 95.16 , 0
85 , 95.16 , 0
86 , 95.16 , 0
87 , 94.65 , 0
88 , 94.40 , 0
89 , 94.40 , 0
90 , 93.89 , 0
91 , 94.40 , 0
92 , 94.40 , 0
93 , 93.89 , 0
94 , 94.91 , 0
95 , 94.14 , 0
96 , 94.14 , 0
97 , 94.91 , 0
98 , 94.91 , 0
99 , 94.91 , 0
100 , 95.42 , 0
101 , 94.91 , 0
102 , 95.16 , 0
103 , 95.93 , 0
104 , 95.42 , 0
105 , 95.67 , 0
106 , 95.42 , 0
107 , 96.18 , 0
108 , 95.16 , 0
109 , 95.16 , 0
110 , 95.16 , 0
111 , 95.42 , 0
112 , 95.16 , 0
113 , 95.42 , 0
114 , 94.91 , 0
115 , 94.40 , 0
Initial Denaturing has completed, Amplification Loop will start now
Going to Denaturing Temperature
Denaturing DNA Now
116 , 94.40 , 1
117 , 94.14 , 1
118 , 94.65 , 1
119 , 94.40 , 1
120 , 93.89 , 1
121 , 94.91 , 1
122 , 94.91 , 1
123 , 95.42 , 1
124 , 94.91 , 1
125 , 95.42 , 1
126 , 95.42 , 1
127 , 95.93 , 1
128 , 95.93 , 1
129 , 96.18 , 1
130 , 95.93 , 1
131 , 95.16 , 1
132 , 96.18 , 1
133 , 95.42 , 1
134 , 95.67 , 1
135 , 95.67 , 1
Going to Annealing Temperature
136 , 95.42 , 1
137 , 91.85 , 1
138 , 89.81 , 1
139 , 87.51 , 1
140 , 86.23 , 1
141 , 84.70 , 1
142 , 83.43 , 1
143 , 81.64 , 1
144 , 79.60 , 1
145 , 78.83 , 1
146 , 77.81 , 1
147 , 76.03 , 1
148 , 75.26 , 1
149 , 73.73 , 1
150 , 72.20 , 1
151 , 70.92 , 1
152 , 70.41 , 1
153 , 69.14 , 1
154 , 68.12 , 1
155 , 67.35 , 1
156 , 65.57 , 1
157 , 65.06 , 1
158 , 64.55 , 1
159 , 63.53 , 1
160 , 62.76 , 1
161 , 61.74 , 1
162 , 60.97 , 1
163 , 59.95 , 1
164 , 58.93 , 1
165 , 58.68 , 1
166 , 57.91 , 1
167 , 56.89 , 1
168 , 55.87 , 1
169 , 55.62 , 1
170 , 55.11 , 1
171 , 54.59 , 1
172 , 53.57 , 1
Annealing DNA Now
173 , 53.06 , 1
174 , 52.04 , 1
175 , 53.57 , 1
176 , 53.57 , 1
177 , 53.83 , 1
178 , 54.08 , 1
179 , 54.08 , 1
180 , 54.08 , 1
181 , 55.11 , 1
182 , 54.34 , 1
183 , 54.34 , 1
184 , 54.85 , 1
185 , 54.85 , 1
186 , 55.11 , 1
187 , 55.36 , 1
188 , 54.85 , 1
189 , 55.11 , 1
190 , 55.36 , 1
191 , 55.87 , 1
192 , 55.62 , 1
Going to Extension Temperature
193 , 55.87 , 1
194 , 57.15 , 1
195 , 58.17 , 1
196 , 59.95 , 1
197 , 59.44 , 1
198 , 60.97 , 1
199 , 61.99 , 1
200 , 62.25 , 1
201 , 63.01 , 1
202 , 63.27 , 1
203 , 64.04 , 1
204 , 64.29 , 1
205 , 65.82 , 1
206 , 66.08 , 1
207 , 66.08 , 1
208 , 67.35 , 1
209 , 67.61 , 1
210 , 67.61 , 1
211 , 68.37 , 1
212 , 68.88 , 1
213 , 68.37 , 1
214 , 69.90 , 1
215 , 70.67 , 1
216 , 71.69 , 1
Extending DNA Now
217 , 70.92 , 1
218 , 71.43 , 1
219 , 72.20 , 1
220 , 72.46 , 1
221 , 71.69 , 1
222 , 72.71 , 1
223 , 73.22 , 1
224 , 73.22 , 1
225 , 73.22 , 1
226 , 73.22 , 1
227 , 73.22 , 1
228 , 73.73 , 1
229 , 73.99 , 1
230 , 73.22 , 1
231 , 73.48 , 1
232 , 73.22 , 1
233 , 73.48 , 1
234 , 73.48 , 1
235 , 73.48 , 1
236 , 73.22 , 1
237 , 73.22 , 1
238 , 73.73 , 1
239 , 73.73 , 1
240 , 73.73 , 1
241 , 73.73 , 1
242 , 73.48 , 1
243 , 73.99 , 1
244 , 73.99 , 1
245 , 74.24 , 1
246 , 74.24 , 1
247 , 74.50 , 1
248 , 74.50 , 1
Going to Denaturing Temperature
249 , 73.73 , 2
250 , 76.03 , 2
251 , 77.30 , 2
252 , 77.30 , 2
253 , 78.83 , 2
254 , 79.60 , 2
255 , 80.11 , 2
256 , 80.88 , 2
257 , 82.15 , 2
258 , 81.90 , 2
259 , 82.41 , 2
260 , 83.43 , 2
261 , 84.70 , 2
262 , 85.21 , 2
263 , 84.96 , 2
264 , 85.72 , 2
265 , 85.98 , 2
266 , 86.74 , 2
267 , 87.76 , 2
268 , 87.76 , 2
269 , 87.76 , 2
270 , 88.02 , 2
271 , 89.04 , 2
272 , 89.04 , 2
273 , 89.55 , 2
274 , 89.30 , 2
275 , 89.55 , 2
276 , 90.83 , 2
277 , 90.57 , 2
278 , 91.34 , 2
279 , 86.23 , 2
280 , 88.79 , 2
281 , 88.79 , 2
282 , 90.57 , 2
283 , 91.08 , 2
284 , 91.85 , 2
285 , 93.12 , 2
286 , 92.87 , 2
287 , 93.63 , 2
288 , 94.40 , 2
Denaturing DNA Now
289 , 94.91 , 2
290 , 95.42 , 2
291 , 96.18 , 2
292 , 96.44 , 2
293 , 95.93 , 2
294 , 96.95 , 2
295 , 97.46 , 2
296 , 96.95 , 2
297 , 97.72 , 2
298 , 97.97 , 2
299 , 97.97 , 2
300 , 97.97 , 2
301 , 97.97 , 2
302 , 98.23 , 2
303 , 99.25 , 2
304 , 98.23 , 2
305 , 98.74 , 2
306 , 98.99 , 2
307 , 98.99 , 2
308 , 99.25 , 2
Going to Annealing Temperature
309 , 100.01 , 2
310 , 95.93 , 2
311 , 94.40 , 2
312 , 92.36 , 2
313 , 90.83 , 2
314 , 89.04 , 2
315 , 87.25 , 2
316 , 85.47 , 2
317 , 84.19 , 2
318 , 82.15 , 2
319 , 80.88 , 2
320 , 79.60 , 2
321 , 78.07 , 2
322 , 77.05 , 2
323 , 75.52 , 2
324 , 74.24 , 2
325 , 72.97 , 2
326 , 71.43 , 2
327 , 70.67 , 2
328 , 69.90 , 2
329 , 68.88 , 2
330 , 67.61 , 2
331 , 66.84 , 2
332 , 65.31 , 2
333 , 65.06 , 2
334 , 63.78 , 2
335 , 63.78 , 2
336 , 62.76 , 2
337 , 61.74 , 2
338 , 60.72 , 2
339 , 60.21 , 2
340 , 59.44 , 2
341 , 58.68 , 2
342 , 57.91 , 2
343 , 57.40 , 2
344 , 56.64 , 2
345 , 56.13 , 2
346 , 55.11 , 2
347 , 54.85 , 2
348 , 53.83 , 2
Annealing DNA Now
349 , 53.57 , 2
350 , 52.81 , 2
351 , 54.08 , 2
352 , 54.34 , 2
353 , 54.85 , 2
354 , 55.36 , 2
355 , 55.62 , 2
356 , 55.87 , 2
357 , 56.38 , 2
358 , 56.38 , 2
359 , 56.38 , 2
360 , 56.13 , 2
361 , 56.89 , 2
362 , 57.15 , 2
363 , 56.89 , 2
364 , 57.40 , 2
365 , 56.89 , 2
366 , 57.91 , 2
367 , 57.40 , 2
368 , 57.66 , 2
Going to Extension Temperature
369 , 57.91 , 2
370 , 59.95 , 2
371 , 60.46 , 2
372 , 61.23 , 2
373 , 61.99 , 2
374 , 62.50 , 2
375 , 63.78 , 2
376 , 64.29 , 2
377 , 65.06 , 2
378 , 65.57 , 2
379 , 66.33 , 2
380 , 67.35 , 2
381 , 67.61 , 2
382 , 68.37 , 2
383 , 69.39 , 2
384 , 69.90 , 2
385 , 69.90 , 2
386 , 70.92 , 2
387 , 71.43 , 2
Extending DNA Now
388 , 71.43 , 2
389 , 72.71 , 2
390 , 73.22 , 2
391 , 73.22 , 2
392 , 73.73 , 2
393 , 73.48 , 2
394 , 73.48 , 2
395 , 74.24 , 2
396 , 73.99 , 2
397 , 73.99 , 2
398 , 74.50 , 2
399 , 74.50 , 2
400 , 74.50 , 2
401 , 74.75 , 2
402 , 75.01 , 2
403 , 74.75 , 2
404 , 75.01 , 2
405 , 74.75 , 2
406 , 75.01 , 2
407 , 75.01 , 2
408 , 75.26 , 2
409 , 75.26 , 2
410 , 75.52 , 2
411 , 75.26 , 2
412 , 75.77 , 2
413 , 75.26 , 2
414 , 75.77 , 2
415 , 75.77 , 2
416 , 75.77 , 2
417 , 76.28 , 2
418 , 75.52 , 2
419 , 77.05 , 2
Going to Denaturing Temperature
420 , 76.54 , 3
421 , 78.07 , 3
422 , 78.83 , 3
423 , 79.60 , 3
424 , 81.13 , 3
425 , 81.64 , 3
426 , 82.15 , 3
427 , 82.92 , 3
428 , 83.68 , 3
429 , 85.47 , 3
430 , 84.70 , 3
431 , 85.72 , 3
432 , 86.49 , 3
433 , 86.74 , 3
434 , 87.25 , 3
435 , 87.76 , 3
436 , 89.30 , 3
437 , 88.79 , 3
438 , 89.30 , 3
439 , 90.06 , 3
440 , 90.32 , 3
441 , 90.57 , 3
442 , 91.59 , 3
443 , 91.34 , 3
444 , 91.85 , 3
445 , 92.36 , 3
446 , 93.12 , 3
447 , 93.63 , 3
448 , 93.63 , 3
449 , 94.14 , 3
Denaturing DNA Now
450 , 94.65 , 3
451 , 94.14 , 3
452 , 94.40 , 3
453 , 95.16 , 3
454 , 95.67 , 3
455 , 95.67 , 3
456 , 95.42 , 3
457 , 96.18 , 3
458 , 96.18 , 3
459 , 96.18 , 3
460 , 96.18 , 3
461 , 96.18 , 3
462 , 96.18 , 3
463 , 96.18 , 3
464 , 96.44 , 3
465 , 96.69 , 3
466 , 95.67 , 3
467 , 96.69 , 3
468 , 96.95 , 3
469 , 96.18 , 3
Going to Annealing Temperature
470 , 96.95 , 3
471 , 93.38 , 3
472 , 91.59 , 3
473 , 89.30 , 3
474 , 88.02 , 3
475 , 86.49 , 3
476 , 84.19 , 3
477 , 82.92 , 3
478 , 82.15 , 3
479 , 80.88 , 3
480 , 79.09 , 3
481 , 78.07 , 3
482 , 76.79 , 3
483 , 75.52 , 3
484 , 73.99 , 3
485 , 73.22 , 3
486 , 71.95 , 3
487 , 70.41 , 3
488 , 70.16 , 3
489 , 69.14 , 3
490 , 67.86 , 3
491 , 66.59 , 3
492 , 66.33 , 3
493 , 65.31 , 3
494 , 64.04 , 3
495 , 63.27 , 3
496 , 62.50 , 3
497 , 61.74 , 3
498 , 60.97 , 3
499 , 60.21 , 3
500 , 58.93 , 3
501 , 58.17 , 3
502 , 57.91 , 3
503 , 57.40 , 3
504 , 56.89 , 3
505 , 55.87 , 3
506 , 55.11 , 3
507 , 54.08 , 3
508 , 54.34 , 3
509 , 53.32 , 3
Annealing DNA Now
510 , 53.06 , 3
511 , 52.30 , 3
512 , 53.32 , 3
513 , 53.83 , 3
514 , 53.83 , 3
515 , 54.34 , 3
516 , 54.34 , 3
517 , 55.11 , 3
518 , 54.34 , 3
519 , 54.85 , 3
520 , 55.11 , 3
521 , 55.36 , 3
522 , 55.62 , 3
523 , 55.87 , 3
524 , 55.62 , 3
525 , 55.87 , 3
526 , 56.38 , 3
527 , 56.13 , 3
528 , 56.13 , 3
529 , 55.62 , 3
Going to Extension Temperature
530 , 56.38 , 3
531 , 57.66 , 3
532 , 59.19 , 3
533 , 59.19 , 3
534 , 60.21 , 3
535 , 60.72 , 3
536 , 62.25 , 3
537 , 62.25 , 3
538 , 63.27 , 3
539 , 63.78 , 3
540 , 64.29 , 3
541 , 64.55 , 3
542 , 65.31 , 3
543 , 65.57 , 3
544 , 65.31 , 3
545 , 66.59 , 3
546 , 67.35 , 3
547 , 67.61 , 3
548 , 67.35 , 3
549 , 67.86 , 3
550 , 68.88 , 3
551 , 69.14 , 3
552 , 69.14 , 3
553 , 69.14 , 3
554 , 69.39 , 3
555 , 69.39 , 3
556 , 69.90 , 3
557 , 69.90 , 3
558 , 70.16 , 3
559 , 70.41 , 3
560 , 71.18 , 3
Extending DNA Now
561 , 71.18 , 3
562 , 71.69 , 3
563 , 72.20 , 3
564 , 72.46 , 3
565 , 72.46 , 3
566 , 72.71 , 3
567 , 72.97 , 3
568 , 73.73 , 3
569 , 73.73 , 3
570 , 73.48 , 3
571 , 72.97 , 3
572 , 73.48 , 3
573 , 73.48 , 3
574 , 73.99 , 3
575 , 73.48 , 3
576 , 73.99 , 3
577 , 73.99 , 3
578 , 73.99 , 3
579 , 73.73 , 3
580 , 73.22 , 3
581 , 73.99 , 3
582 , 73.22 , 3
583 , 73.22 , 3
584 , 73.48 , 3
585 , 73.48 , 3
586 , 73.48 , 3
587 , 73.22 , 3
588 , 73.22 , 3
589 , 73.99 , 3
590 , 73.22 , 3
591 , 73.99 , 3
Going to Denaturing Temperature
592 , 73.22 , 4
593 , 75.26 , 4
594 , 75.77 , 4
595 , 76.79 , 4
596 , 77.30 , 4
597 , 78.07 , 4
598 , 78.58 , 4
599 , 79.34 , 4
600 , 79.60 , 4
601 , 80.37 , 4
602 , 81.13 , 4
603 , 81.39 , 4
604 , 81.39 , 4
605 , 81.90 , 4
606 , 82.92 , 4
607 , 83.17 , 4
608 , 83.94 , 4
609 , 82.92 , 4
610 , 84.70 , 4
611 , 84.70 , 4
612 , 85.72 , 4
613 , 85.47 , 4
614 , 85.72 , 4
615 , 87.00 , 4
616 , 86.49 , 4
617 , 87.25 , 4
618 , 86.49 , 4
619 , 88.27 , 4
620 , 88.02 , 4
621 , 88.02 , 4
622 , 89.04 , 4
623 , 89.30 , 4
624 , 88.79 , 4
625 , 89.55 , 4
626 , 90.32 , 4
627 , 90.32 , 4
628 , 90.06 , 4
629 , 91.08 , 4
630 , 90.57 , 4
631 , 92.36 , 4
632 , 91.59 , 4
633 , 92.61 , 4
634 , 92.10 , 4
635 , 92.36 , 4
636 , 93.38 , 4
637 , 93.38 , 4
638 , 93.12 , 4
639 , 93.12 , 4
640 , 93.12 , 4
641 , 93.63 , 4
642 , 93.63 , 4
643 , 94.14 , 4
Denaturing DNA Now
644 , 94.14 , 4
645 , 94.40 , 4
646 , 94.91 , 4
647 , 94.14 , 4
648 , 94.14 , 4
649 , 94.65 , 4
650 , 94.91 , 4
651 , 95.67 , 4
652 , 94.91 , 4
653 , 95.42 , 4
654 , 95.67 , 4
655 , 96.18 , 4
656 , 95.67 , 4
657 , 95.67 , 4
658 , 96.18 , 4
659 , 95.42 , 4
660 , 94.65 , 4
661 , 95.42 , 4
662 , 95.42 , 4
663 , 94.91 , 4
Going to Annealing Temperature
664 , 95.42 , 4
665 , 92.10 , 4
666 , 90.06 , 4
667 , 88.02 , 4
668 , 86.49 , 4
669 , 84.70 , 4
670 , 83.68 , 4
671 , 82.15 , 4
672 , 80.62 , 4
673 , 79.34 , 4
674 , 78.07 , 4
675 , 77.05 , 4
676 , 75.77 , 4
677 , 73.99 , 4
678 , 72.71 , 4
679 , 71.69 , 4
680 , 70.67 , 4
681 , 69.65 , 4
682 , 68.63 , 4
683 , 67.61 , 4
684 , 66.59 , 4
685 , 65.82 , 4
686 , 64.80 , 4
687 , 64.29 , 4
688 , 63.01 , 4
689 , 62.25 , 4
690 , 61.23 , 4
691 , 60.21 , 4
692 , 59.70 , 4
693 , 58.42 , 4
694 , 58.17 , 4
695 , 57.40 , 4
696 , 56.13 , 4
697 , 55.87 , 4
698 , 55.62 , 4
699 , 54.85 , 4
700 , 54.08 , 4
701 , 53.57 , 4
Annealing DNA Now
702 , 52.81 , 4
703 , 52.81 , 4
704 , 53.32 , 4
705 , 53.83 , 4
706 , 53.83 , 4
707 , 54.34 , 4
708 , 54.59 , 4
709 , 54.85 , 4
710 , 55.11 , 4
711 , 54.59 , 4
712 , 55.11 , 4
713 , 55.11 , 4
714 , 54.59 , 4
715 , 55.36 , 4
716 , 55.11 , 4
717 , 55.11 , 4
718 , 55.11 , 4
719 , 54.85 , 4
720 , 55.11 , 4
721 , 54.59 , 4
Going to Extension Temperature
722 , 54.59 , 4
723 , 56.64 , 4
724 , 57.40 , 4
725 , 58.17 , 4
726 , 58.42 , 4
727 , 59.19 , 4
728 , 60.46 , 4
729 , 61.48 , 4
730 , 61.74 , 4
731 , 62.25 , 4
732 , 63.01 , 4
733 , 63.27 , 4
734 , 64.04 , 4
735 , 64.29 , 4
736 , 64.55 , 4
737 , 65.06 , 4
739 , 66.08 , 4
740 , 66.59 , 4
741 , 65.82 , 4
742 , 66.59 , 4
743 , 67.35 , 4
744 , 66.84 , 4
745 , 68.12 , 4
746 , 68.37 , 4
747 , 69.14 , 4
748 , 69.14 , 4
749 , 69.39 , 4
750 , 69.65 , 4
751 , 69.90 , 4
752 , 70.16 , 4
753 , 70.16 , 4
754 , 70.16 , 4
755 , 70.41 , 4
756 , 70.67 , 4
757 , 71.43 , 4
Extending DNA Now
758 , 71.43 , 4
759 , 71.69 , 4
760 , 71.43 , 4
761 , 72.20 , 4
762 , 72.46 , 4
763 , 72.46 , 4
764 , 73.22 , 4
765 , 73.22 , 4
766 , 72.71 , 4
767 , 72.71 , 4
768 , 72.71 , 4
769 , 72.97 , 4
770 , 72.20 , 4
771 , 72.97 , 4
772 , 72.20 , 4
773 , 72.97 , 4
774 , 72.97 , 4
775 , 72.71 , 4
776 , 72.97 , 4
777 , 73.22 , 4
778 , 72.97 , 4
779 , 72.20 , 4
780 , 73.22 , 4
781 , 73.22 , 4
782 , 72.20 , 4
783 , 72.46 , 4
784 , 72.97 , 4
785 , 72.71 , 4
786 , 72.71 , 4
787 , 73.22 , 4
788 , 72.71 , 4
Going to Denaturing Temperature
789 , 73.22 , 5
790 , 73.99 , 5
791 , 74.75 , 5
792 , 75.26 , 5
793 , 76.28 , 5
794 , 76.54 , 5
795 , 77.81 , 5
796 , 78.07 , 5
797 , 79.09 , 5
798 , 79.34 , 5
799 , 79.85 , 5
800 , 80.62 , 5
801 , 80.37 , 5
802 , 81.64 , 5
803 , 81.64 , 5
804 , 81.90 , 5
805 , 82.92 , 5
806 , 82.41 , 5
807 , 83.68 , 5
808 , 84.19 , 5
809 , 84.45 , 5
810 , 84.96 , 5
811 , 85.47 , 5
812 , 85.47 , 5
813 , 85.72 , 5
814 , 85.98 , 5
815 , 85.47 , 5
816 , 86.49 , 5
817 , 86.74 , 5
818 , 86.74 , 5
819 , 87.51 , 5
820 , 87.51 , 5
821 , 88.02 , 5
822 , 88.02 , 5
823 , 88.27 , 5
824 , 89.04 , 5
825 , 88.79 , 5
826 , 89.30 , 5
827 , 89.30 , 5
828 , 89.81 , 5
829 , 89.55 , 5
830 , 89.30 , 5
831 , 90.06 , 5
832 , 90.57 , 5
833 , 90.57 , 5
834 , 90.57 , 5
835 , 91.08 , 5
836 , 91.08 , 5
837 , 91.34 , 5
838 , 90.83 , 5
839 , 91.34 , 5
840 , 91.59 , 5
841 , 91.59 , 5
842 , 91.34 , 5
843 , 91.34 , 5
844 , 92.36 , 5
845 , 92.10 , 5
846 , 91.59 , 5
847 , 92.10 , 5
848 , 92.10 , 5
849 , 91.59 , 5
850 , 91.85 , 5
851 , 92.36 , 5
852 , 93.12 , 5
853 , 92.36 , 5
854 , 92.61 , 5
855 , 93.12 , 5
856 , 92.10 , 5
857 , 92.61 , 5
858 , 92.87 , 5
859 , 92.36 , 5
860 , 92.87 , 5
861 , 93.12 , 5
862 , 93.12 , 5
863 , 92.61 , 5
864 , 92.61 , 5
865 , 93.63 , 5
866 , 92.87 , 5
867 , 93.38 , 5
868 , 93.38 , 5
869 , 93.38 , 5
870 , 93.12 , 5
871 , 93.38 , 5
872 , 93.38 , 5
873 , 93.38 , 5
874 , 92.61 , 5
875 , 93.38 , 5
876 , 93.38 , 5
877 , 93.63 , 5
878 , 93.38 , 5
879 , 93.38 , 5
880 , 93.89 , 5
881 , 94.14 , 5
Denaturing DNA Now
882 , 93.89 , 5
883 , 93.63 , 5
884 , 93.63 , 5
885 , 94.40 , 5
886 , 94.40 , 5
887 , 94.40 , 5
888 , 94.14 , 5
889 , 94.14 , 5
890 , 94.40 , 5
891 , 94.65 , 5
892 , 93.89 , 5
893 , 94.91 , 5
894 , 94.14 , 5
895 , 94.40 , 5
896 , 94.40 , 5
897 , 94.40 , 5
898 , 94.14 , 5
899 , 94.14 , 5
900 , 94.40 , 5
901 , 93.89 , 5
Going to Annealing Temperature
902 , 93.63 , 5
903 , 90.57 , 5
904 , 89.04 , 5
905 , 87.51 , 5
906 , 85.98 , 5
907 , 83.94 , 5
908 , 82.41 , 5
909 , 81.39 , 5
910 , 80.11 , 5
911 , 78.83 , 5
912 , 77.30 , 5
913 , 76.03 , 5
914 , 74.75 , 5
915 , 73.99 , 5
916 , 72.71 , 5
917 , 71.43 , 5
918 , 70.41 , 5
919 , 69.39 , 5
920 , 68.12 , 5
921 , 67.86 , 5
922 , 66.84 , 5
923 , 65.82 , 5
924 , 64.80 , 5
925 , 64.04 , 5
926 , 63.01 , 5
927 , 62.50 , 5
928 , 61.23 , 5
929 , 60.97 , 5
930 , 59.95 , 5
931 , 59.19 , 5
932 , 58.42 , 5
933 , 57.66 , 5
934 , 57.15 , 5
935 , 56.13 , 5
936 , 55.87 , 5
937 , 54.85 , 5
938 , 54.34 , 5
939 , 53.57 , 5
Annealing DNA Now
940 , 53.32 , 5
941 , 52.04 , 5
942 , 53.32 , 5
943 , 53.57 , 5
944 , 54.34 , 5
945 , 53.57 , 5
946 , 53.83 , 5
947 , 54.08 , 5
948 , 54.59 , 5
949 , 54.08 , 5
950 , 54.08 , 5
951 , 54.59 , 5
952 , 54.34 , 5
953 , 54.08 , 5
954 , 54.59 , 5
955 , 54.08 , 5
956 , 53.83 , 5
957 , 54.59 , 5
958 , 54.59 , 5
959 , 54.85 , 5
Going to Extension Temperature
960 , 55.11 , 5
961 , 56.13 , 5
962 , 56.64 , 5
963 , 57.91 , 5
964 , 57.91 , 5
965 , 58.17 , 5
966 , 59.19 , 5
967 , 59.44 , 5
968 , 60.46 , 5
969 , 60.72 , 5
970 , 61.48 , 5
971 , 61.23 , 5
972 , 61.23 , 5
973 , 62.76 , 5
974 , 62.50 , 5
975 , 63.27 , 5
976 , 63.78 , 5
977 , 64.04 , 5
978 , 64.29 , 5
979 , 64.55 , 5
980 , 64.80 , 5
981 , 65.06 , 5
982 , 65.82 , 5
983 , 66.08 , 5
984 , 66.33 , 5
985 , 66.33 , 5
986 , 65.82 , 5
987 , 66.59 , 5
988 , 66.33 , 5
989 , 66.84 , 5
990 , 67.61 , 5
991 , 67.35 , 5
992 , 67.86 , 5
993 , 68.37 , 5
994 , 68.12 , 5
995 , 68.12 , 5
996 , 68.63 , 5
997 , 69.14 , 5
998 , 69.14 , 5
999 , 69.14 , 5
1000 , 69.90 , 5
1001 , 69.90 , 5
1002 , 70.16 , 5
1003 , 70.67 , 5
1004 , 70.16 , 5
1005 , 70.67 , 5
1006 , 70.67 , 5
1007 , 70.92 , 5
1008 , 70.67 , 5
1009 , 71.43 , 5
Extending DNA Now
1010 , 71.18 , 5
1011 , 71.18 , 5
1012 , 71.43 , 5
1013 , 71.95 , 5
1014 , 71.95 , 5
1015 , 72.20 , 5
1016 , 71.95 , 5
1017 , 71.95 , 5
1018 , 71.95 , 5
1019 , 71.43 , 5
1020 , 72.20 , 5
1021 , 72.71 , 5
1022 , 72.20 , 5
1023 , 72.46 , 5
1024 , 73.22 , 5
1025 , 72.97 , 5
1026 , 72.46 , 5
1027 , 72.46 , 5
1028 , 72.46 , 5
1029 , 72.20 , 5
1030 , 72.71 , 5
1031 , 72.46 , 5
1032 , 72.46 , 5
1033 , 72.20 , 5
1034 , 71.95 , 5
1035 , 71.95 , 5
1036 , 71.43 , 5
1037 , 71.43 , 5
1038 , 71.69 , 5
1039 , 72.20 , 5
1040 , 72.20 , 5
